survived,pclass,sex,sibsp,parch,embarked,who,adult_male,alone,age_cluster,fare_cluster,deck_map
0,3,0,1,0,1,0,True,False,0,0,0.0
1,1,1,1,0,2,1,False,False,0,0,0.0
1,3,1,0,0,1,1,False,True,0,0,0.0
1,1,1,1,0,1,1,False,False,0,0,0.0
0,3,0,0,0,1,0,True,True,0,0,0.0
0,3,0,0,0,0,0,True,True,1,1,0.0
0,1,0,0,0,1,0,True,True,1,1,0.0
0,3,0,3,1,1,2,False,False,0,0,0.0
1,3,1,0,2,1,1,False,False,0,0,0.0
1,2,1,1,0,2,2,False,False,0,0,0.0
1,3,1,1,1,1,2,False,False,0,0,0.0
1,1,1,0,0,1,1,False,True,1,1,0.0
0,3,0,0,0,1,0,True,True,0,0,0.0
0,3,0,1,5,1,0,True,False,0,0,0.0
0,3,1,0,0,1,2,False,True,0,0,0.0
1,2,1,0,0,1,1,False,True,1,1,0.0
0,3,0,4,1,0,2,False,False,0,0,0.0
1,2,0,0,0,1,0,True,True,1,1,0.0
0,3,1,1,0,1,1,False,False,0,0,0.0
1,3,1,0,0,2,1,False,True,1,1,0.0
0,2,0,0,0,1,0,True,True,0,0,0.0
1,2,0,0,0,1,0,True,True,0,0,0.0
1,3,1,0,0,0,2,False,True,0,0,0.0
1,1,0,0,0,1,0,True,True,0,0,0.0
0,3,1,3,1,1,2,False,False,0,0,0.0
1,3,1,1,5,1,1,False,False,0,0,0.0
0,3,0,0,0,2,0,True,True,1,1,0.0
0,1,0,3,2,1,0,True,False,0,0,0.0
1,3,1,0,0,0,1,False,True,1,1,0.0
0,3,0,0,0,1,0,True,True,1,1,0.0
0,1,0,0,0,2,0,True,True,0,0,0.0
1,1,1,1,0,2,1,False,False,1,1,1.0
1,3,1,0,0,0,1,False,True,1,1,0.0
0,2,0,0,0,1,0,True,True,1,1,0.0
0,1,0,1,0,2,0,True,False,0,0,0.0
0,1,0,1,0,1,0,True,False,1,1,0.0
1,3,0,0,0,2,0,True,True,1,1,0.0
0,3,0,0,0,1,0,True,True,0,0,0.0
0,3,1,2,0,1,1,False,False,0,0,0.0
1,3,1,1,0,2,2,False,False,0,0,0.0
0,3,1,1,0,1,1,False,False,0,0,0.0
0,2,1,1,0,1,1,False,False,0,0,0.0
0,3,0,0,0,2,0,True,True,1,1,0.0
1,2,1,1,2,2,2,False,False,0,0,0.0
1,3,1,0,0,0,1,False,True,0,0,0.0
0,3,0,0,0,1,0,True,True,1,1,0.0
0,3,0,1,0,0,0,True,False,1,1,0.0
1,3,1,0,0,0,1,False,True,1,1,0.0
0,3,0,2,0,2,0,True,False,1,1,0.0
0,3,1,1,0,1,1,False,False,0,0,0.0
0,3,0,4,1,1,2,False,False,0,0,0.0
0,3,0,0,0,1,0,True,True,0,0,0.0
1,1,1,1,0,2,1,False,False,1,1,0.0
1,2,1,1,0,1,1,False,False,0,0,0.0
0,1,0,0,1,2,0,True,False,1,1,1.0
1,1,0,0,0,1,0,True,True,1,1,0.0
1,2,1,0,0,1,1,False,True,0,0,0.0
0,3,0,0,0,2,0,True,True,0,0,0.0
1,2,1,1,2,1,2,False,False,0,0,0.0
0,3,0,5,2,1,2,False,False,0,0,0.0
0,3,0,0,0,2,0,True,True,0,0,0.0
1,1,1,0,0,1,1,False,True,0,0,1.0
0,1,0,1,0,1,0,True,False,1,1,0.0
0,3,0,3,2,1,2,False,False,0,0,0.0
0,1,0,0,0,2,0,True,True,1,1,0.0
1,3,0,1,1,2,0,True,False,1,1,0.0
1,2,1,0,0,1,1,False,True,0,0,0.0
0,3,0,0,0,1,0,True,True,0,0,0.0
1,3,1,4,2,1,1,False,False,0,0,0.0
0,3,0,2,0,1,0,True,False,0,0,0.0
0,2,0,0,0,1,0,True,True,0,0,0.0
0,3,1,5,2,1,1,False,False,0,0,0.0
0,2,0,0,0,1,0,True,True,0,0,0.0
0,3,0,1,0,2,0,True,False,0,0,0.0
1,3,0,0,0,1,0,True,True,0,0,0.0
0,3,0,0,0,1,0,True,True,0,0,0.0
0,3,0,0,0,1,0,True,True,1,1,0.0
0,3,0,0,0,1,0,True,True,1,1,0.0
1,2,0,0,2,1,2,False,False,0,0,0.0
1,3,1,0,0,1,1,False,True,0,0,0.0
0,3,0,0,0,1,0,True,True,0,0,0.0
1,3,0,0,0,1,0,True,True,0,0,0.0
1,3,1,0,0,0,1,False,True,1,1,0.0
0,1,0,0,0,1,0,True,True,0,0,0.0
1,2,1,0,0,1,1,False,True,0,0,0.0
1,3,1,3,0,1,1,False,False,0,0,0.0
0,3,0,1,3,1,0,True,False,0,0,0.0
0,3,0,0,0,1,0,True,True,1,1,0.0
1,1,1,3,2,1,1,False,False,0,0,0.0
0,3,0,0,0,1,0,True,True,0,0,0.0
0,3,0,0,0,1,0,True,True,0,0,0.0
0,3,0,0,0,1,0,True,True,0,0,0.0
0,1,0,1,0,1,0,True,False,1,1,0.0
0,3,0,1,2,1,0,True,False,0,0,0.0
0,3,0,0,0,1,0,True,True,1,1,0.0
0,3,0,0,0,1,0,True,True,1,1,0.0
0,1,0,0,0,2,0,True,True,1,1,0.0
1,1,0,0,1,2,0,True,False,0,0,0.0
1,2,1,0,1,1,1,False,False,0,0,0.0
0,2,0,1,0,1,0,True,False,0,0,0.0
0,3,1,0,0,1,1,False,True,0,0,0.0
0,3,0,0,0,1,0,True,True,1,1,0.0
0,1,0,0,1,1,0,True,False,0,0,0.0
0,3,0,0,0,1,0,True,True,0,0,0.0
0,3,0,2,0,1,0,True,False,0,0,0.0
0,3,0,0,0,1,0,True,True,0,0,0.0
1,3,1,0,0,1,1,False,True,0,0,0.0
1,3,0,0,0,1,0,True,True,1,1,0.0
0,3,0,0,0,1,0,True,True,0,0,0.0
1,3,1,1,0,0,1,False,False,1,1,0.0
0,1,0,0,0,1,0,True,True,1,1,0.0
0,3,1,1,0,2,2,False,False,0,0,0.0
0,3,0,0,0,1,0,True,True,0,0,0.0
0,3,1,1,0,1,1,False,False,0,0,0.0
0,3,1,0,0,2,1,False,True,0,0,0.0
0,3,0,0,0,1,0,True,True,0,0,0.0
0,3,0,0,0,0,0,True,True,1,1,0.0
0,2,0,1,0,1,0,True,False,0,0,0.0
0,1,0,0,1,2,0,True,False,0,0,1.0
0,3,1,4,2,1,2,False,False,0,0,0.0
0,2,0,2,0,1,0,True,False,0,0,0.0
0,3,0,0,0,1,0,True,True,1,1,0.0
0,2,0,1,0,2,0,True,False,0,0,0.0
1,2,1,0,0,1,1,False,True,0,0,0.0
0,1,0,0,1,1,0,True,False,1,1,0.0
1,3,0,1,0,2,2,False,False,0,0,0.0
0,3,0,0,0,0,0,True,True,1,1,0.0
1,3,0,0,0,1,0,True,True,0,0,0.0
1,3,1,1,1,2,1,False,False,1,1,0.0
0,3,0,0,0,1,0,True,True,1,1,0.0
0,3,0,0,0,2,0,True,True,0,0,0.0
0,3,0,0,0,1,0,True,True,0,0,0.0
0,3,1,1,0,1,1,False,False,1,1,0.0
1,2,1,1,0,1,1,False,False,0,0,0.0
0,2,0,0,0,1,0,True,True,0,0,0.0
0,2,0,0,0,2,0,True,True,0,0,0.0
1,1,1,0,2,1,1,False,False,0,0,0.0
0,1,0,1,0,1,0,True,False,0,0,0.0
0,3,0,0,0,1,0,True,True,0,0,0.0
0,1,0,0,0,2,0,True,True,0,0,1.0
0,3,1,0,2,2,1,False,False,1,1,0.0
1,3,1,0,0,1,1,False,True,0,0,0.0
1,3,1,1,0,1,1,False,False,0,0,0.0
0,3,0,0,0,0,0,True,True,0,0,0.0
0,2,0,0,0,1,0,True,True,0,0,0.0
0,2,0,1,1,1,0,True,False,0,0,0.0
1,3,0,0,0,1,0,True,True,0,0,0.0
0,3,1,2,2,1,2,False,False,0,0,0.0
0,2,0,0,2,1,0,True,False,0,0,0.0
0,2,0,0,0,1,0,True,True,1,1,0.0
0,2,0,0,0,1,0,True,True,1,1,0.0
1,1,1,1,0,1,1,False,False,0,0,0.0
0,3,0,0,0,1,0,True,True,1,1,0.0
0,3,0,0,2,1,0,True,False,0,0,0.0
0,3,0,0,0,1,0,True,True,1,1,0.0
0,1,0,0,1,2,0,True,False,1,1,0.0
1,3,1,0,0,0,1,False,True,0,0,0.0
0,3,0,0,0,1,0,True,True,0,0,0.0
0,3,0,0,0,1,0,True,True,1,1,0.0
0,3,0,8,2,1,0,True,False,1,1,0.0
0,3,0,0,1,1,0,True,False,1,1,0.0
1,2,1,0,0,1,1,False,True,0,0,0.0
0,3,0,0,0,1,0,True,True,0,0,0.0
0,3,0,0,0,1,0,True,True,0,0,0.0
0,3,0,4,1,1,2,False,False,0,0,0.0
1,3,0,0,2,1,2,False,False,0,0,0.0
1,1,1,0,1,1,1,False,False,1,1,0.0
0,3,1,1,4,1,1,False,False,1,1,0.0
0,1,0,0,0,1,0,True,True,1,1,0.0
0,3,0,0,0,1,0,True,True,0,0,0.0
0,1,0,0,0,1,0,True,True,1,1,1.0
0,3,0,4,1,0,2,False,False,0,0,0.0
1,3,1,1,1,1,2,False,False,0,0,0.0
0,3,0,0,0,1,0,True,True,0,0,0.0
0,1,0,0,0,2,0,True,True,1,1,0.0
0,3,0,1,1,1,0,True,False,0,0,0.0
0,3,0,3,1,1,0,True,False,1,1,0.0
0,1,1,0,0,2,1,False,True,1,1,0.0
0,2,0,0,0,1,0,True,True,0,0,0.0
0,3,0,0,0,1,0,True,True,0,0,0.0
0,3,1,8,2,1,1,False,False,1,1,0.0
0,2,0,0,0,2,0,True,True,1,1,0.0
0,3,0,4,2,1,2,False,False,0,0,0.0
1,2,0,2,1,1,2,False,False,0,0,0.0
1,3,1,0,2,1,2,False,False,0,0,0.0
0,1,0,0,0,1,0,True,True,1,1,0.0
1,3,1,1,0,0,1,False,False,1,1,0.0
1,1,0,0,0,1,0,True,True,1,1,0.0
0,3,0,1,1,0,0,True,False,0,0,0.0
0,3,0,0,0,1,0,True,True,0,0,0.0
1,2,1,0,0,1,1,False,True,0,0,0.0
0,2,0,0,0,1,0,True,True,0,0,0.0
1,3,1,1,0,1,1,False,False,0,0,0.0
1,2,0,1,1,1,2,False,False,0,0,0.0
1,1,1,0,0,2,1,False,True,1,1,1.0
1,1,1,0,0,2,1,False,True,1,1,1.0
0,3,0,0,0,0,0,True,True,1,1,0.0
0,3,0,0,1,1,0,True,False,1,1,0.0
1,3,1,0,0,0,1,False,True,1,1,0.0
0,2,1,0,0,1,1,False,True,0,0,0.0
0,3,0,0,0,1,0,True,True,0,0,0.0
0,3,0,8,2,1,0,True,False,1,1,0.0
0,3,0,0,0,1,0,True,True,0,0,0.0
0,3,0,0,0,2,0,True,True,1,1,0.0
1,3,0,0,0,1,0,True,True,0,0,0.0
0,3,1,0,1,1,2,False,False,0,0,0.0
0,3,0,1,0,1,0,True,False,0,0,0.0
1,3,0,0,0,2,0,True,True,0,0,0.0
1,3,1,0,0,0,1,False,True,0,0,0.0
1,1,0,0,0,2,0,True,True,0,0,0.0
0,3,0,0,0,1,0,True,True,0,0,0.0
1,2,1,0,0,1,1,False,True,0,0,0.0
0,3,0,0,0,1,0,True,True,0,0,0.0
0,2,0,0,0,1,0,True,True,0,0,0.0
0,3,0,1,0,0,0,True,False,1,1,0.0
1,1,1,1,0,2,1,False,False,0,0,0.0
1,3,1,0,0,1,1,False,True,0,0,0.0
0,2,0,1,0,1,0,True,False,1,1,0.0
1,1,1,0,0,2,1,False,True,0,0,0.0
0,2,0,0,0,1,0,True,True,0,0,0.0
1,3,0,0,0,1,0,True,True,0,0,0.0
0,2,0,0,0,1,0,True,True,0,0,0.0
0,3,0,0,0,1,0,True,True,1,1,0.0
0,3,0,0,0,1,0,True,True,1,1,0.0
1,1,0,1,0,1,0,True,False,0,0,0.0
0,3,0,0,0,1,0,True,True,0,0,0.0
1,2,0,0,0,1,0,True,True,0,0,0.0
0,3,0,0,0,1,0,True,True,0,0,0.0
0,2,0,0,0,1,0,True,True,0,0,0.0
0,3,1,3,1,1,1,False,False,1,1,0.0
1,1,1,1,0,1,1,False,False,0,0,0.0
0,3,0,0,0,1,0,True,True,0,0,0.0
0,2,0,0,0,1,0,True,True,1,1,0.0
1,3,1,4,2,1,2,False,False,0,0,0.0
0,2,0,0,0,1,0,True,True,0,0,0.0
0,3,1,0,0,1,1,False,True,1,1,0.0
0,2,0,1,0,1,0,True,False,1,1,0.0
1,2,1,0,2,1,2,False,False,0,0,0.0
0,2,0,0,0,1,0,True,True,0,0,0.0
0,2,0,0,0,1,0,True,True,0,0,0.0
0,3,1,1,0,2,1,False,False,1,1,0.0
1,3,1,1,0,0,1,False,False,1,1,0.0
0,2,0,0,0,1,0,True,True,0,0,0.0
0,3,0,0,0,1,0,True,True,0,0,0.0
0,3,0,0,0,2,0,True,True,0,0,0.0
0,1,0,2,0,0,0,True,False,1,1,0.0
0,3,1,0,0,1,1,False,True,0,0,0.0
1,2,1,0,2,1,1,False,False,0,0,0.0
1,1,0,1,1,1,0,True,False,0,0,0.0
0,2,0,1,0,1,0,True,False,1,1,0.0
0,3,0,0,0,1,0,True,True,1,1,0.0
0,3,1,1,1,1,1,False,False,0,0,0.0
0,1,0,0,0,1,0,True,True,1,1,0.0
0,3,0,1,0,1,0,True,False,0,0,0.0
0,3,1,0,2,1,1,False,False,0,0,0.0
1,3,1,0,2,2,1,False,False,0,0,0.0
1,1,1,0,0,2,1,False,True,1,1,0.0
1,1,1,0,0,1,1,False,True,0,0,1.0
1,1,1,0,0,2,1,False,True,0,0,0.0
1,2,1,0,1,1,1,False,False,1,1,0.0
0,3,0,0,0,0,0,True,True,1,1,0.0
1,3,0,4,2,1,2,False,False,0,0,0.0
0,1,0,1,1,1,0,True,False,1,1,0.0
0,1,0,0,0,1,0,True,True,0,0,1.0
0,3,1,0,0,0,1,False,True,1,1,0.0
0,2,0,0,0,1,0,True,True,0,0,0.0
0,3,0,4,1,1,0,True,False,0,0,0.0
1,3,0,1,0,1,0,True,False,0,0,0.0
1,1,1,0,1,1,1,False,False,1,1,0.0
1,1,1,0,0,1,1,False,True,0,0,0.0
0,1,0,0,0,1,0,True,True,1,1,0.0
1,3,0,0,0,1,0,True,True,0,0,0.0
1,2,1,0,1,1,1,False,False,0,0,0.0
0,1,0,0,1,2,0,True,False,0,0,0.0
1,3,1,0,0,0,1,False,True,1,1,0.0
1,1,1,1,0,1,1,False,False,1,1,0.0
0,3,1,0,0,1,1,False,True,1,1,0.0
0,2,0,0,0,1,0,True,True,1,1,0.0
0,3,0,4,1,0,2,False,False,0,0,0.0
1,3,1,1,1,1,1,False,False,0,0,0.0
0,3,0,0,0,0,0,True,True,1,1,0.0
0,3,0,0,0,1,0,True,True,0,0,0.0
0,3,0,0,0,1,0,True,True,0,0,0.0
1,3,0,0,0,1,0,True,True,0,0,0.0
0,1,0,0,0,1,0,True,True,1,1,0.0
0,3,0,0,0,2,0,True,True,0,0,0.0
1,3,0,0,0,1,0,True,True,0,0,0.0
0,3,0,0,0,1,0,True,True,0,0,0.0
1,2,0,0,0,1,0,True,True,1,1,0.0
1,3,1,0,0,0,1,False,True,0,0,0.0
1,1,1,0,0,1,1,False,True,0,0,0.0
1,1,1,1,0,2,1,False,False,0,0,1.0
0,2,0,0,0,2,0,True,True,0,0,0.0
0,3,1,0,0,1,1,False,True,0,0,0.0
0,3,0,0,0,1,0,True,True,0,0,0.0
0,1,0,0,0,2,0,True,True,1,1,0.0
0,3,0,0,0,2,0,True,True,0,0,0.0
0,1,1,1,2,1,2,False,False,0,0,0.0
1,1,0,0,0,1,0,True,True,1,1,0.0
1,1,1,0,1,2,1,False,False,1,1,1.0
1,3,1,0,0,0,1,False,True,1,1,0.0
1,3,0,2,0,0,0,True,False,1,1,0.0
0,3,0,0,0,1,0,True,True,0,0,0.0
1,2,1,0,0,0,1,False,True,1,1,0.0
0,3,0,0,0,1,0,True,True,1,1,0.0
1,1,0,1,2,1,2,False,False,0,0,0.0
1,1,1,0,0,2,1,False,True,1,1,0.0
1,1,1,1,0,2,1,False,False,0,0,0.0
0,2,0,1,0,2,0,True,False,0,0,0.0
1,1,1,0,0,2,1,False,True,0,0,0.0
1,1,1,0,0,2,1,False,True,0,0,0.0
1,1,1,2,2,2,1,False,False,0,0,1.0
0,2,1,1,1,1,1,False,False,0,0,0.0
0,3,0,0,0,1,0,True,True,0,0,0.0
0,2,0,1,1,1,0,True,False,1,1,0.0
1,3,1,0,0,1,1,False,True,0,0,0.0
1,2,1,1,0,1,1,False,False,0,0,0.0
0,2,0,0,0,1,0,True,True,1,1,0.0
1,1,1,0,2,1,1,False,False,0,0,0.0
1,1,1,1,1,2,1,False,False,0,0,0.0
0,3,0,0,0,1,0,True,True,0,0,0.0
0,3,0,0,0,1,0,True,True,0,0,0.0
1,2,1,0,0,0,1,False,True,0,0,0.0
1,2,1,1,1,1,1,False,False,0,0,0.0
0,3,0,8,2,1,0,True,False,1,1,0.0
1,1,1,0,0,2,1,False,True,0,0,0.0
0,3,0,0,0,1,0,True,True,1,1,0.0
1,2,1,0,0,1,1,False,True,0,0,0.0
1,3,1,1,1,1,1,False,False,0,0,0.0
1,1,1,0,1,2,1,False,False,0,0,1.0
1,3,1,2,0,0,1,False,False,1,1,0.0
0,1,0,0,0,1,0,True,True,1,1,0.0
0,1,0,0,1,1,0,True,False,0,0,0.0
0,3,0,2,0,1,0,True,False,0,0,0.0
1,1,1,1,0,1,1,False,False,1,1,0.0
0,3,0,0,0,1,0,True,True,1,1,0.0
0,1,0,1,0,1,0,True,False,0,0,0.0
1,1,1,0,0,2,1,False,True,0,0,0.0
1,3,0,0,0,1,0,True,True,1,1,0.0
0,1,0,0,0,1,0,True,True,1,1,0.0
1,2,0,1,1,1,2,False,False,0,0,0.0
1,1,1,3,2,1,1,False,False,0,0,0.0
0,2,0,0,0,1,0,True,True,0,0,0.0
0,2,0,0,0,1,0,True,True,0,0,0.0
0,2,0,0,0,1,0,True,True,0,0,0.0
1,2,1,0,0,1,1,False,True,0,0,0.0
1,2,1,0,0,1,1,False,True,0,0,0.0
1,3,1,1,0,1,1,False,False,1,1,0.0
1,3,0,1,1,1,2,False,False,0,0,0.0
0,3,0,0,0,1,0,True,True,1,1,0.0
0,3,0,0,0,1,0,True,True,0,0,0.0
0,1,0,0,0,1,0,True,True,1,1,0.0
0,3,0,1,1,2,2,False,False,0,0,0.0
0,3,0,1,0,1,0,True,False,0,0,0.0
0,3,0,0,0,2,0,True,True,1,1,0.0
0,3,0,0,0,1,0,True,True,0,0,0.0
1,1,1,0,1,1,1,False,False,0,0,0.0
0,2,1,0,0,1,1,False,True,0,0,0.0
1,3,1,0,0,0,1,False,True,1,1,0.0
1,3,1,0,0,0,1,False,True,1,1,0.0
0,3,0,1,4,1,0,True,False,0,0,0.0
0,2,0,1,0,2,0,True,False,0,0,0.0
0,3,1,0,1,2,1,False,False,1,1,0.0
0,3,0,0,0,1,0,True,True,0,0,0.0
0,3,0,1,0,0,0,True,False,1,1,0.0
0,3,0,0,0,1,0,True,True,0,0,0.0
1,1,1,1,0,2,1,False,False,1,1,0.0
1,3,1,0,0,2,1,False,True,1,1,0.0
1,3,1,0,0,0,1,False,True,1,1,0.0
1,1,1,0,0,2,1,False,True,0,0,1.0
1,1,0,1,0,2,0,True,False,0,0,0.0
0,3,0,1,0,1,0,True,False,0,0,0.0
0,3,0,0,0,1,0,True,True,0,0,0.0
0,1,0,0,0,2,0,True,True,0,0,0.0
0,3,1,3,1,1,2,False,False,0,0,0.0
1,1,1,1,0,2,1,False,False,1,1,0.0
1,3,1,0,0,1,1,False,True,0,0,0.0
0,1,0,0,2,2,0,True,False,0,0,0.0
0,3,0,0,0,2,0,True,True,0,0,0.0
0,3,0,0,0,1,0,True,True,0,0,0.0
1,1,1,0,0,2,1,False,True,1,1,0.0
1,3,1,0,2,2,2,False,False,0,0,0.0
0,3,0,0,0,1,0,True,True,0,0,0.0
1,1,1,1,0,1,1,False,False,0,0,0.0
0,3,0,0,0,1,0,True,True,1,1,0.0
0,2,0,0,0,1,0,True,True,0,0,0.0
0,3,0,5,2,1,2,False,False,0,0,0.0
1,2,1,0,0,1,1,False,True,0,0,0.0
0,3,0,0,0,0,0,True,True,1,1,0.0
1,2,1,0,0,2,1,False,True,0,0,0.0
1,1,0,1,2,1,0,True,False,0,0,1.0
1,3,0,0,0,1,0,True,True,0,0,0.0
0,3,0,2,0,1,0,True,False,0,0,0.0
1,1,1,1,0,2,1,False,False,0,0,0.0
1,3,1,0,2,1,1,False,False,0,0,0.0
0,3,0,0,0,1,0,True,True,0,0,0.0
0,3,1,0,0,1,1,False,True,0,0,0.0
0,2,0,0,0,1,0,True,True,1,1,0.0
0,2,0,0,0,1,0,True,True,0,0,0.0
1,2,1,0,0,1,1,False,True,0,0,0.0
1,3,0,0,0,1,0,True,True,0,0,0.0
0,3,0,0,0,1,0,True,True,0,0,0.0
0,3,1,1,0,1,1,False,False,0,0,0.0
0,3,0,1,0,1,0,True,False,0,0,0.0
0,3,1,0,0,1,1,False,True,0,0,0.0
0,2,0,1,0,1,0,True,False,0,0,0.0
0,3,0,0,0,1,0,True,True,1,1,0.0
1,2,0,1,1,1,2,False,False,0,0,0.0
0,3,0,0,0,1,0,True,True,0,0,0.0
0,3,1,3,1,1,1,False,False,1,1,0.0
0,3,0,0,0,1,0,True,True,1,1,0.0
0,3,0,0,0,0,0,True,True,1,1,0.0
1,1,1,1,0,0,1,False,False,0,0,0.0
0,2,0,0,0,1,0,True,True,1,1,0.0
1,3,0,0,0,1,0,True,True,1,1,0.0
0,3,1,0,0,1,1,False,True,1,1,0.0
1,2,1,1,1,1,1,False,False,0,0,0.0
1,2,1,0,2,1,1,False,False,0,0,0.0
0,2,0,0,0,1,0,True,True,0,0,0.0
0,3,1,0,2,1,2,False,False,0,0,0.0
0,3,0,0,0,2,0,True,True,1,1,0.0
0,3,0,0,0,0,0,True,True,0,0,0.0
0,3,0,0,0,1,0,True,True,0,0,0.0
0,3,1,1,1,1,1,False,False,0,0,0.0
0,3,0,1,1,1,0,True,False,0,0,0.0
0,3,0,0,0,1,0,True,True,1,1,0.0
1,2,1,1,0,1,1,False,False,0,0,0.0
1,2,1,0,0,1,1,False,True,0,0,0.0
0,3,0,0,0,0,0,True,True,1,1,0.0
1,3,0,0,0,1,0,True,True,0,0,0.0
1,1,0,0,0,1,0,True,True,0,0,0.0
1,3,1,1,0,1,1,False,False,1,1,0.0
1,2,1,1,0,1,1,False,False,1,1,0.0
0,3,0,0,0,1,0,True,True,0,0,0.0
0,1,0,1,0,1,0,True,False,1,1,0.0
1,1,1,1,2,1,2,False,False,0,0,1.0
0,3,1,2,2,1,1,False,False,0,0,0.0
1,2,1,2,3,1,1,False,False,0,0,0.0
0,1,0,1,4,1,0,True,False,1,1,0.0
0,2,0,0,0,1,0,True,True,0,0,0.0
1,2,1,1,1,1,1,False,False,1,1,0.0
0,3,0,0,0,1,0,True,True,0,0,0.0
0,3,0,1,0,1,0,True,False,0,0,0.0
1,2,1,0,0,1,1,False,True,0,0,0.0
1,3,0,0,0,1,0,True,True,1,1,0.0
1,1,0,0,2,1,2,False,False,0,0,0.0
1,2,1,0,1,1,2,False,False,0,0,0.0
1,1,0,0,0,1,0,True,True,0,0,0.0
1,3,1,2,1,2,2,False,False,0,0,0.0
1,1,0,0,0,1,0,True,True,1,1,0.0
0,2,0,1,2,1,0,True,False,0,0,0.0
0,3,0,1,0,1,0,True,False,1,1,0.0
0,1,0,0,0,2,0,True,True,0,0,0.0
1,1,0,1,0,2,0,True,False,1,1,0.0
0,3,0,0,0,1,0,True,True,1,1,0.0
1,3,0,0,0,2,0,True,True,0,0,0.0
0,1,0,0,0,1,0,True,True,1,1,0.0
1,1,1,1,0,1,1,False,False,1,1,0.0
1,2,1,0,0,1,1,False,True,1,1,0.0
0,3,0,0,0,0,0,True,True,1,1,0.0
1,1,0,0,0,1,0,True,True,1,1,0.0
0,3,0,0,0,1,0,True,True,0,0,0.0
0,1,0,0,0,1,0,True,True,1,1,0.0
0,2,0,0,0,1,0,True,True,1,1,0.0
0,3,0,0,0,1,0,True,True,1,1,0.0
0,3,0,0,0,1,0,True,True,0,0,0.0
0,2,0,0,0,1,0,True,True,1,1,0.0
0,1,0,0,0,1,0,True,True,1,1,0.0
0,3,0,0,0,0,0,True,True,1,1,0.0
1,3,1,2,1,2,2,False,False,0,0,0.0
0,3,0,0,0,1,0,True,True,1,1,0.0
0,3,0,0,0,1,0,True,True,0,0,0.0
1,2,1,1,2,1,1,False,False,0,0,0.0
1,2,1,0,0,2,1,False,True,0,0,0.0
0,3,1,0,0,1,1,False,True,0,0,0.0
0,1,0,0,0,1,0,True,True,1,1,0.0
0,2,0,1,0,1,0,True,False,0,0,0.0
0,3,0,1,0,1,0,True,False,0,0,0.0
0,3,0,0,0,1,0,True,True,0,0,0.0
1,3,1,0,1,1,2,False,False,0,0,0.0
0,3,0,5,2,1,2,False,False,0,0,0.0
0,2,0,0,0,1,0,True,True,1,1,0.0
0,3,0,0,0,1,0,True,True,1,1,0.0
1,3,1,0,0,1,1,False,True,1,1,0.0
1,1,0,1,0,2,0,True,False,0,0,1.0
0,3,1,3,1,1,1,False,False,1,1,0.0
1,1,1,1,0,1,1,False,False,0,0,0.0
0,1,0,0,0,2,0,True,True,1,1,1.0
0,3,0,0,0,1,0,True,True,0,0,0.0
1,3,0,1,1,1,2,False,False,0,0,0.0
0,3,0,1,0,1,0,True,False,1,1,0.0
0,3,0,0,0,1,0,True,True,0,0,0.0
0,1,0,0,0,1,0,True,True,1,1,0.0
0,1,0,0,0,2,0,True,True,1,1,0.0
0,3,0,0,0,1,0,True,True,0,0,0.0
0,3,0,0,0,2,0,True,True,1,1,0.0
1,1,1,1,0,2,1,False,False,1,1,0.0
0,3,0,0,0,1,0,True,True,1,1,0.0
0,1,1,1,2,1,1,False,False,0,0,0.0
0,3,0,0,0,1,0,True,True,0,0,0.0
0,3,0,0,0,1,0,True,True,0,0,0.0
0,3,1,0,0,0,1,False,True,0,0,0.0
0,3,1,0,0,0,1,False,True,1,1,0.0
0,3,1,0,0,1,1,False,True,0,0,0.0
1,1,1,0,0,1,1,False,True,0,0,1.0
0,1,0,1,0,2,0,True,False,0,0,0.0
1,2,1,0,2,1,1,False,False,0,0,0.0
1,1,0,0,0,1,0,True,True,1,1,0.0
0,3,0,0,0,1,0,True,True,0,0,0.0
1,3,0,0,0,1,0,True,True,0,0,0.0
1,3,0,0,0,0,0,True,True,0,0,0.0
0,3,0,0,0,1,0,True,True,1,1,0.0
1,1,0,0,0,1,0,True,True,0,0,0.0
1,1,1,1,0,2,1,False,False,1,1,0.0
0,3,0,0,0,1,0,True,True,0,0,0.0
0,1,0,0,0,1,0,True,True,1,1,0.0
1,2,1,0,0,1,1,False,True,0,0,0.0
0,3,0,0,0,0,0,True,True,1,1,0.0
1,2,1,1,0,1,1,False,False,0,0,0.0
0,3,0,0,0,1,0,True,True,0,0,0.0
1,1,1,0,0,1,1,False,True,0,0,1.0
0,3,0,0,0,1,0,True,True,0,0,0.0
0,3,0,0,0,2,0,True,True,1,1,0.0
1,1,1,0,1,2,1,False,False,1,1,1.0
0,3,0,0,0,2,0,True,True,1,1,0.0
0,3,0,0,0,0,0,True,True,0,0,0.0
1,2,1,0,0,1,1,False,True,1,1,0.0
0,1,0,0,0,1,0,True,True,1,1,0.0
0,3,0,0,0,1,0,True,True,0,0,0.0
0,2,0,2,1,1,0,True,False,0,0,0.0
1,2,1,1,1,1,2,False,False,0,0,0.0
0,3,0,0,0,2,0,True,True,1,1,0.0
0,3,0,1,1,2,0,True,False,0,0,0.0
1,3,1,0,2,2,1,False,False,1,1,0.0
0,3,1,0,0,1,1,False,True,0,0,0.0
1,2,1,0,2,1,2,False,False,0,0,0.0
0,1,0,0,0,1,0,True,True,1,1,1.0
1,1,1,0,0,2,1,False,True,0,0,0.0
0,3,0,0,0,1,0,True,True,1,1,0.0
1,1,1,0,2,2,1,False,False,0,0,1.0
1,1,1,0,2,1,1,False,False,0,0,1.0
0,3,1,4,2,1,2,False,False,0,0,0.0
0,3,1,4,2,1,2,False,False,0,0,0.0
1,2,0,1,0,1,0,True,False,0,0,0.0
0,1,0,1,0,2,0,True,False,1,1,0.0
0,1,0,0,0,1,0,True,True,1,1,0.0
1,2,1,1,0,1,1,False,False,0,0,0.0
1,2,0,0,0,2,0,True,True,1,1,0.0
0,3,0,1,1,1,0,True,False,0,0,0.0
1,2,0,1,1,1,2,False,False,0,0,0.0
1,1,0,0,2,2,0,True,False,0,0,0.0
0,2,0,0,0,1,0,True,True,0,0,0.0
0,3,0,0,0,0,0,True,True,1,1,0.0
1,3,0,0,0,2,0,True,True,0,0,0.0
1,3,1,0,0,1,1,False,True,0,0,0.0
0,1,0,0,0,1,0,True,True,1,1,0.0
1,1,1,1,0,2,1,False,False,1,1,0.0
0,1,0,0,0,2,0,True,True,1,1,0.0
1,1,1,1,1,1,1,False,False,0,0,0.0
1,3,1,1,0,1,1,False,False,0,0,0.0
0,3,0,0,0,0,0,True,True,1,1,0.0
0,3,0,0,0,1,0,True,True,0,0,0.0
0,2,0,0,0,1,0,True,True,0,0,0.0
0,3,0,0,0,1,0,True,True,1,1,0.0
0,3,1,0,0,1,1,False,True,1,1,0.0
0,3,0,2,0,1,0,True,False,0,0,0.0
0,3,0,0,0,1,0,True,True,0,0,0.0
0,3,1,0,4,1,1,False,False,0,0,0.0
0,3,0,0,0,2,0,True,True,1,1,0.0
1,3,0,0,0,1,0,True,True,0,0,0.0
1,2,0,0,0,1,0,True,True,1,1,0.0
1,1,1,2,0,1,1,False,False,1,1,0.0
1,1,0,0,0,1,0,True,True,0,0,0.0
1,3,1,0,0,0,1,False,True,1,1,0.0
0,3,0,0,0,1,0,True,True,0,0,0.0
0,3,0,0,0,1,0,True,True,0,0,0.0
1,2,1,0,0,1,1,False,True,0,0,0.0
1,1,1,1,0,1,1,False,False,0,0,0.0
0,3,1,1,0,2,1,False,False,1,1,0.0
1,3,0,0,0,1,0,True,True,0,0,0.0
1,2,1,1,1,1,1,False,False,0,0,0.0
1,1,1,1,1,2,1,False,False,0,0,0.0
0,2,0,0,0,1,0,True,True,1,1,0.0
0,1,0,0,0,2,0,True,True,0,0,0.0
0,3,0,0,0,2,0,True,True,1,1,0.0
1,1,1,0,2,1,1,False,False,0,0,0.0
0,2,0,0,0,1,0,True,True,1,1,0.0
1,1,0,1,1,2,0,True,False,1,1,1.0
0,3,0,0,0,1,0,True,True,0,0,0.0
0,3,0,0,0,1,0,True,True,1,1,0.0
0,3,0,0,0,1,0,True,True,0,0,0.0
1,1,1,1,0,2,1,False,False,1,1,0.0
0,3,0,0,0,1,0,True,True,1,1,0.0
0,3,1,0,2,0,1,False,False,1,1,0.0
0,2,0,1,0,1,0,True,False,0,0,0.0
0,3,0,1,1,1,0,True,False,0,0,0.0
1,2,1,0,0,1,1,False,True,1,1,0.0
0,3,0,0,0,1,0,True,True,1,1,0.0
0,3,0,0,0,2,0,True,True,1,1,0.0
1,1,0,1,0,2,0,True,False,1,1,0.0
1,2,1,2,1,1,1,False,False,0,0,0.0
0,3,0,0,0,1,0,True,True,1,1,0.0
0,1,0,0,0,1,0,True,True,1,1,0.0
0,3,0,0,0,1,0,True,True,1,1,0.0
1,1,0,0,0,2,0,True,True,0,0,0.0
0,3,0,1,0,1,0,True,False,0,0,0.0
0,3,0,0,0,1,0,True,True,0,0,0.0
1,1,0,0,0,1,0,True,True,0,0,0.0
1,2,1,1,2,2,1,False,False,0,0,0.0
1,1,1,0,0,1,1,False,True,0,0,0.0
0,3,1,1,5,1,1,False,False,0,0,0.0
0,3,0,0,0,1,0,True,True,1,1,0.0
1,3,1,1,0,0,1,False,False,1,1,0.0
0,3,0,0,0,0,0,True,True,1,1,0.0
0,3,0,0,0,1,0,True,True,0,0,0.0
1,2,1,1,2,1,1,False,False,0,0,0.0
0,3,0,1,1,1,0,True,False,0,0,0.0
0,3,1,1,0,1,1,False,False,0,0,0.0
1,2,1,2,1,1,2,False,False,0,0,0.0
0,2,0,0,0,1,0,True,True,0,0,0.0
0,3,0,1,0,2,0,True,False,0,0,0.0
1,1,0,1,0,1,0,True,False,1,1,0.0
1,3,0,1,1,2,0,True,False,0,0,0.0
0,3,0,0,0,1,0,True,True,0,0,0.0
0,3,0,0,0,1,0,True,True,0,0,0.0
0,1,0,0,0,1,0,True,True,1,1,0.0
0,2,0,0,0,0,0,True,True,1,1,0.0
1,1,1,0,0,1,1,False,True,0,0,0.0
0,3,0,0,0,1,0,True,True,0,0,0.0
0,3,0,0,0,0,0,True,True,1,1,0.0
1,1,0,0,0,1,0,True,True,1,1,0.0
0,3,0,0,0,1,0,True,True,1,1,0.0
1,1,0,0,0,2,0,True,True,0,0,1.0
0,1,0,0,0,1,0,True,True,1,1,0.0
0,3,1,3,2,1,2,False,False,0,0,0.0
1,2,1,0,0,1,1,False,True,0,0,0.0
0,3,0,0,0,1,0,True,True,0,0,0.0
0,2,0,1,1,1,0,True,False,0,0,0.0
0,3,1,0,5,1,1,False,False,0,0,0.0
0,3,0,1,0,1,0,True,False,1,1,0.0
0,3,0,0,0,1,0,True,True,0,0,0.0
1,1,1,0,0,2,1,False,True,0,0,1.0
0,3,1,3,2,1,2,False,False,0,0,0.0
1,3,0,0,0,1,0,True,True,1,1,0.0
1,3,1,2,1,2,2,False,False,0,0,0.0
1,1,0,1,0,2,0,True,False,1,1,0.0
0,3,0,0,0,1,0,True,True,0,0,0.0
1,1,0,0,0,2,0,True,True,1,1,0.0
0,3,0,0,0,1,0,True,True,1,1,0.0
1,3,1,0,0,1,1,False,True,0,0,0.0
0,3,0,0,0,1,0,True,True,1,1,0.0
1,2,1,0,1,1,1,False,False,0,0,0.0
0,3,0,0,0,1,0,True,True,0,0,0.0
1,3,1,0,0,0,1,False,True,1,1,0.0
0,3,1,0,0,0,1,False,True,0,0,0.0
0,2,0,2,0,1,0,True,False,0,0,0.0
0,3,0,0,0,1,0,True,True,1,1,0.0
0,3,1,1,1,0,1,False,False,0,0,0.0
0,2,0,0,0,1,0,True,True,0,0,0.0
0,1,0,0,2,2,0,True,False,1,1,0.0
1,1,0,2,0,1,0,True,False,1,1,0.0
0,3,0,0,0,2,0,True,True,0,0,0.0
0,1,0,0,0,1,0,True,True,1,1,0.0
0,3,0,0,0,1,0,True,True,0,0,0.0
1,3,0,1,0,1,0,True,False,0,0,0.0
0,2,0,2,0,1,0,True,False,0,0,0.0
0,2,0,0,0,1,0,True,True,0,0,0.0
0,3,0,0,0,1,0,True,True,1,1,0.0
0,3,0,0,0,1,0,True,True,1,1,0.0
1,1,1,1,0,1,1,False,False,1,1,0.0
1,2,1,1,1,1,1,False,False,0,0,0.0
0,1,0,1,0,1,0,True,False,0,0,1.0
0,2,0,0,0,1,0,True,True,1,1,0.0
1,2,0,0,0,1,0,True,True,0,0,0.0
0,2,0,0,0,1,0,True,True,1,1,0.0
0,3,0,0,0,1,0,True,True,0,0,0.0
0,3,0,0,0,1,0,True,True,0,0,0.0
1,3,1,0,0,1,1,False,True,0,0,0.0
0,3,1,1,6,1,1,False,False,1,1,0.0
1,1,0,0,1,2,0,True,False,0,0,1.0
0,3,1,0,0,0,1,False,True,1,1,0.0
1,1,0,0,0,2,0,True,True,0,0,0.0
0,3,0,0,0,1,0,True,True,0,0,0.0
0,3,0,5,2,1,2,False,False,0,0,0.0
0,2,0,1,1,1,0,True,False,1,1,0.0
0,2,0,1,2,2,0,True,False,0,0,0.0
0,3,0,4,1,1,2,False,False,0,0,0.0
0,3,0,0,0,1,0,True,True,0,0,0.0
0,3,0,0,0,1,0,True,True,0,0,0.0
1,1,1,0,1,1,2,False,False,0,0,1.0
1,1,0,1,0,1,0,True,False,0,0,1.0
1,3,1,0,1,2,2,False,False,0,0,0.0
1,3,0,0,0,1,0,True,True,1,1,0.0
0,3,0,0,0,2,0,True,True,0,0,0.0
0,1,0,0,0,1,0,True,True,1,1,0.0
0,2,0,0,0,1,0,True,True,1,1,0.0
0,3,0,0,0,1,0,True,True,1,1,0.0
1,3,1,0,0,0,1,False,True,1,1,0.0
0,1,0,1,1,2,0,True,False,1,1,0.0
0,3,0,0,0,1,0,True,True,1,1,0.0
1,1,1,1,0,2,1,False,False,0,0,0.0
1,1,0,0,0,1,0,True,True,0,0,0.0
0,3,1,0,1,2,1,False,False,0,0,0.0
0,3,0,0,0,0,0,True,True,0,0,0.0
0,3,0,1,0,1,0,True,False,0,0,0.0
0,2,0,0,0,1,0,True,True,0,0,0.0
1,2,1,0,0,1,1,False,True,1,1,0.0
1,1,0,0,0,1,0,True,True,1,1,0.0
1,1,1,0,0,1,1,False,True,0,0,0.0
1,3,0,1,1,2,0,True,False,1,1,0.0
1,1,1,0,0,2,1,False,True,0,0,0.0
0,1,0,0,0,1,0,True,True,1,1,0.0
1,1,0,1,0,1,0,True,False,1,1,0.0
0,3,0,0,0,1,0,True,True,0,0,0.0
0,2,0,0,0,1,0,True,True,1,1,0.0
0,3,0,0,0,1,0,True,True,0,0,0.0
1,1,1,0,0,2,1,False,True,0,0,0.0
1,2,1,0,0,1,1,False,True,0,0,0.0
0,3,0,0,0,0,0,True,True,1,1,0.0
0,3,0,0,0,1,0,True,True,0,0,0.0
1,2,1,0,1,1,2,False,False,0,0,0.0
0,3,0,1,0,1,0,True,False,0,0,0.0
0,2,0,0,0,1,0,True,True,0,0,0.0
0,2,0,0,0,1,0,True,True,1,1,0.0
1,1,0,1,0,1,0,True,False,0,0,0.0
0,3,0,0,0,1,0,True,True,0,0,0.0
1,2,1,3,0,1,1,False,False,0,0,0.0
1,3,1,0,0,0,1,False,True,1,1,0.0
0,2,0,1,0,1,0,True,False,0,0,0.0
0,3,1,1,0,1,1,False,False,0,0,0.0
1,1,1,0,0,1,1,False,True,0,0,1.0
0,3,0,0,0,2,2,False,True,0,0,0.0
0,2,0,0,0,1,0,True,True,1,1,0.0
0,2,0,0,0,1,0,True,True,0,0,0.0
0,2,0,0,0,1,0,True,True,0,0,0.0
0,3,0,0,0,1,0,True,True,0,0,0.0
0,3,1,1,3,1,1,False,False,1,1,0.0
1,1,0,0,0,2,0,True,True,0,0,1.0
0,3,0,0,0,1,0,True,True,1,1,0.0
0,3,0,0,0,1,0,True,True,1,1,0.0
1,1,0,0,0,1,0,True,True,1,1,0.0
0,1,0,1,0,1,0,True,False,0,0,0.0
1,1,1,2,2,2,1,False,False,0,0,1.0
0,3,0,1,0,1,0,True,False,0,0,0.0
1,3,0,0,0,1,0,True,True,0,0,0.0
0,1,0,1,1,1,0,True,False,1,1,1.0
0,3,0,1,1,1,0,True,False,0,0,0.0
1,2,1,0,0,1,1,False,True,0,0,0.0
0,1,0,1,0,1,0,True,False,0,0,0.0
0,3,0,0,0,0,0,True,True,0,0,0.0
1,2,1,1,1,1,2,False,False,0,0,0.0
1,3,0,0,1,1,2,False,False,0,0,0.0
0,3,0,0,0,1,0,True,True,0,0,0.0
0,3,0,0,0,1,0,True,True,0,0,0.0
1,2,1,1,2,1,1,False,False,1,1,0.0
1,2,0,1,1,1,2,False,False,0,0,0.0
0,3,0,0,0,1,0,True,True,0,0,0.0
0,2,0,0,0,1,0,True,True,0,0,0.0
0,3,0,0,0,1,0,True,True,0,0,0.0
1,1,1,0,0,1,1,False,True,0,0,1.0
0,3,0,0,0,1,0,True,True,1,1,0.0
0,3,0,0,0,1,0,True,True,0,0,0.0
1,3,0,0,0,2,0,True,True,0,0,0.0
1,1,1,1,2,1,1,False,False,0,0,1.0
0,3,0,0,0,1,0,True,True,0,0,0.0
1,1,1,1,0,1,1,False,False,1,1,0.0
0,1,0,0,0,2,0,True,True,1,1,0.0
0,3,1,0,0,0,1,False,True,0,0,0.0
0,3,0,1,0,0,0,True,False,1,1,0.0
0,3,0,0,0,1,0,True,True,0,0,0.0
0,3,0,0,0,1,0,True,True,0,0,0.0
0,3,0,0,0,1,0,True,True,1,1,0.0
0,2,1,0,0,1,1,False,True,1,1,0.0
0,3,0,0,0,2,0,True,True,1,1,0.0
1,2,1,1,3,1,1,False,False,1,1,0.0
0,3,0,0,0,1,0,True,True,0,0,0.0
0,3,0,0,0,0,0,True,True,1,1,0.0
1,3,1,0,0,1,2,False,True,0,0,0.0
0,3,0,0,0,0,0,True,True,1,1,0.0
1,1,1,0,1,1,1,False,False,1,1,1.0
1,3,1,0,0,2,2,False,True,0,0,0.0
1,1,1,1,0,1,1,False,False,0,0,1.0
0,1,0,0,0,1,0,True,True,0,0,0.0
0,3,0,1,2,1,0,True,False,1,1,0.0
0,3,0,0,0,1,0,True,True,0,0,0.0
0,3,0,0,0,1,0,True,True,0,0,0.0
1,3,1,0,0,1,1,False,True,0,0,0.0
0,3,0,4,1,0,2,False,False,0,0,0.0
1,3,0,1,2,1,2,False,False,0,0,0.0
0,1,0,0,0,2,0,True,True,1,1,1.0
0,3,0,0,0,0,0,True,True,1,1,0.0
0,2,0,0,0,1,0,True,True,0,0,0.0
0,3,1,8,2,1,1,False,False,1,1,0.0
0,1,0,0,0,2,0,True,True,1,1,0.0
0,3,0,0,0,1,0,True,True,0,0,0.0
0,2,0,0,0,1,0,True,True,0,0,0.0
1,1,1,0,0,1,1,False,True,1,1,0.0
1,3,1,0,0,1,1,False,True,0,0,0.0
0,3,0,0,0,2,0,True,True,0,0,0.0
0,3,1,1,1,1,1,False,False,0,0,0.0
0,2,0,0,0,1,0,True,True,0,0,0.0
1,2,1,1,1,1,1,False,False,0,0,0.0
1,1,0,1,2,1,2,False,False,0,0,1.0
1,3,0,0,1,2,2,False,False,0,0,0.0
1,3,0,0,0,1,0,True,True,0,0,0.0
0,3,0,0,0,1,0,True,True,0,0,0.0
0,1,0,0,0,1,0,True,True,0,0,0.0
0,3,1,0,0,1,1,False,True,0,0,0.0
0,2,0,0,0,1,0,True,True,0,0,0.0
1,1,1,1,0,1,1,False,False,0,0,0.0
0,3,0,0,0,1,0,True,True,0,0,0.0
0,3,0,0,0,1,0,True,True,0,0,0.0
0,2,0,0,0,1,0,True,True,0,0,0.0
0,3,1,4,2,1,2,False,False,0,0,0.0
0,3,0,0,0,1,0,True,True,0,0,0.0
0,1,0,0,0,1,0,True,True,1,1,1.0
0,3,1,0,0,1,1,False,True,0,0,0.0
0,2,0,1,1,2,0,True,False,0,0,0.0
0,3,0,0,0,1,0,True,True,1,1,0.0
0,3,0,3,2,1,2,False,False,0,0,0.0
1,1,1,1,1,1,1,False,False,1,1,1.0
1,3,0,0,0,1,0,True,True,0,0,0.0
0,1,0,0,0,1,0,True,True,0,0,0.0
1,3,1,0,1,1,1,False,False,0,0,0.0
0,3,0,4,1,1,2,False,False,0,0,0.0
0,3,0,0,0,0,0,True,True,1,1,0.0
0,3,0,0,0,1,0,True,True,1,1,0.0
1,2,0,0,2,2,2,False,False,0,0,0.0
1,3,0,0,0,0,0,True,True,1,1,0.0
1,1,1,0,0,1,1,False,True,1,1,1.0
1,3,1,1,0,2,2,False,False,0,0,0.0
1,2,0,1,1,1,2,False,False,0,0,0.0
0,3,0,0,0,2,0,True,True,1,1,0.0
0,3,0,0,0,1,0,True,True,0,0,0.0
0,3,0,0,0,1,0,True,True,0,0,0.0
1,1,1,1,1,2,1,False,False,0,0,0.0
0,3,0,0,0,1,0,True,True,0,0,0.0
0,3,0,0,0,1,0,True,True,1,1,0.0
1,3,0,0,0,1,0,True,True,0,0,0.0
1,1,0,0,0,2,0,True,True,1,1,0.0
0,3,0,0,0,1,0,True,True,0,0,0.0
0,2,0,0,0,1,0,True,True,0,0,0.0
1,1,1,0,0,2,1,False,True,0,0,0.0
0,3,0,0,0,2,0,True,True,0,0,0.0
0,3,0,0,0,1,0,True,True,0,0,0.0
0,3,0,0,0,1,0,True,True,1,1,0.0
0,3,0,8,2,1,0,True,False,1,1,0.0
0,3,0,0,0,2,0,True,True,0,0,0.0
0,2,0,0,1,1,0,True,False,0,0,0.0
1,1,1,1,0,2,1,False,False,1,1,0.0
0,3,0,4,2,1,2,False,False,0,0,0.0
0,3,0,0,0,1,0,True,True,1,1,0.0
0,3,1,1,1,2,2,False,False,0,0,0.0
1,1,1,0,1,1,1,False,False,0,0,0.0
0,2,1,1,0,1,1,False,False,1,1,0.0
1,3,1,0,1,1,1,False,False,0,0,0.0
1,1,1,1,1,1,1,False,False,1,1,0.0
1,1,0,0,0,1,0,True,True,1,1,0.0
1,3,1,0,3,2,1,False,False,0,0,0.0
0,3,0,0,0,2,0,True,True,1,1,0.0
0,3,0,2,0,1,0,True,False,0,0,0.0
0,2,0,1,0,1,0,True,False,0,0,0.0
1,1,1,0,0,1,1,False,True,1,1,0.0
0,3,1,8,2,1,1,False,False,1,1,0.0
0,2,0,0,0,1,0,True,True,0,0,0.0
1,2,1,0,0,1,1,False,True,1,1,0.0
1,2,1,1,0,2,1,False,False,0,0,0.0
0,1,0,0,0,1,0,True,True,0,0,0.0
0,3,0,0,0,1,0,True,True,1,1,0.0
1,3,0,1,1,1,2,False,False,0,0,0.0
0,3,0,0,0,1,0,True,True,0,0,0.0
1,1,1,1,1,1,1,False,False,1,1,0.0
0,1,0,0,0,1,0,True,True,0,0,1.0
0,3,0,0,0,1,0,True,True,1,1,0.0
1,2,1,1,0,2,1,False,False,0,0,0.0
1,3,1,0,0,2,2,False,True,0,0,0.0
0,3,0,0,0,1,0,True,True,0,0,0.0
0,3,0,0,0,1,0,True,True,0,0,0.0
0,3,0,0,0,1,0,True,True,1,1,0.0
1,1,1,0,1,2,1,False,False,1,1,0.0
1,2,1,0,1,1,1,False,False,0,0,0.0
0,3,0,0,0,1,0,True,True,0,0,0.0
0,3,1,0,0,1,1,False,True,0,0,0.0
0,2,0,0,0,1,0,True,True,0,0,0.0
0,3,0,0,0,1,0,True,True,0,0,0.0
0,3,1,0,5,0,1,False,False,0,0,0.0
0,2,0,0,0,1,0,True,True,0,0,0.0
1,1,1,0,0,1,1,False,True,0,0,1.0
0,3,1,1,2,1,1,False,False,1,1,0.0
1,1,0,0,0,2,0,True,True,0,0,0.0
0,3,0,0,0,0,0,True,True,0,0,0.0
